250 1 251 
251 1 252 
252 1 253 
253 1 254 
254 1 255 
255 1 -256 Overflow in adder! 
-256 1 -255 
-255 1 -254 
-254 1 -253 
-253 1 -252 
250 -1 249 
251 -1 250 
252 -1 251 
253 -1 252 
254 -1 253 
255 -1 254 
-256 -1 255 Overflow in adder! 
-255 -1 -256 
-254 -1 -255 
-253 -1 -254 
99 4 -116 Overflow in multiplier! 
99 0 0 
99 -4 116 Overflow in multiplier! 
0 4 0 
0 0 0 
0 -4 0 
-99 4 116 Overflow in multiplier! 
-99 0 0 
-99 -4 -116 Overflow in multiplier! 
99 4 396 
99 0 0 
99 -4 -396 
0 4 0 
0 0 0 
0 -4 0 
-99 4 -396 
-99 0 0 
-99 -4 396